  9       25          0.02
  0.5            0.0             0.0            0.333333333     0.333333333     0.0      20       M      T      K
  0.333333333    0.333333333     0.0            0.0             0.0             0.0      80       K      T      Gamma
  0.0            0.0             0.0            0.5             0.0             0.0      80       Gamma  Sigma  M
  0.5            0.0             0.0            0.5             0.0             0.5      20       M      U      L
  0.5            0.0             0.5            0.0             0.0             0.5      80       L      R      A
  0.0            0.0             0.5            0.333333333     0.333333333     0.5      80       A      S      H
  0.333333333    0.333333333     0.5            0.5             0.0             0.5      20       H      S      L
  0.333333333    0.333333333     0.5            0.333333333     0.333333333     0.0      20       H      P      K
  0.0            0.0             0.0            0.0             0.0             0.5      20       Gamma  Lambda A
