    SiO2  alpha-quartz
    9.287000
       0.500000  S   -0.750000       0.000000
       0.500000  S    0.750000       0.000000
       0.000000       0.000000       1.100000
    2
    3   Si
       0.535000       0.535000  T    1.000000
       0.465000       0.000000       0.000000
       0.000000       0.465000  T    2.000000
    6   O
       0.415000       0.272000       0.120000
       0.857000       0.585000  T    1.360000
       0.728000       0.143000  T    2.360000
       0.143000       0.728000       0.880000
       0.272000       0.415000  T    1.640000
       0.585000       0.857000  T    0.640000
   36.0000
   30    1   24         1    1    1      0.50 0.50 0.50
