
tasks
   0
   21

xctype
   2

maxscl
 30

mixtype
  3

avec
  0.00   3.35   3.35
  3.35   0.00   3.35
  3.35   3.35   0.00


sppath
  '~/other_codes/elk-7.2.42/species/'

atoms
   1                                 : nspecies
 'C.in'                              : spfname
   2                                 : natoms
  0.12500000      0.12500000      0.12500000   0.00000000000000   0.00000000000000   0.00000000000000
 -0.12500000     -0.12500000     -0.12500000   0.00000000000000   0.00000000000000   0.00000000000000

ngridk
  2  2  2

vkloff
  0.5  0.5  0.5

plot1d
   5   100      : nvp1d, npp1d
    0.5     0.5     0.5
    0.0     0.0     0.0
    0.0     0.5     0.5
    0.25    0.625   0.625
    1.0     1.0     1.0
