   HgS  cinnabar
    7.200000
       0.500000  S   -0.750000       0.000000
       0.500000  S    0.750000       0.000000
       0.000000       0.000000       2.449490
    2
    3   Hg
       0.666666       0.000000  T    1.000000
       0.000000       0.666666  T    2.000000
      -0.666666      -0.666666  T    3.000000
    3   S
       0.666666       0.000000  T    2.500000
       0.000000       0.666666  T    0.500000
      -0.666666      -0.666666  T    1.500000
   30.0000
   12    1    9         2    2    2      0.50 0.50 0.50
