
tasks
   0
   21

xctype
   2

maxscl
 30

mixtype
  3

avec
  4.6374 -2.6774  7.9152
  0.0000  5.3548  7.9152
 -4.6374 -2.6774  7.9152


sppath
  '~/other_codes/elk-7.2.42/species/'

atoms
   1                                 : nspecies
'B.in'                              : spfname
   12                                 : natoms
  0.01040000000000   0.01040000000000   0.65729000000000   0.00000000000000   0.00000000000000   0.00000000000000
  0.65729000000000   0.01040000000000   0.01040000000000   0.00000000000000   0.00000000000000   0.00000000000000
  0.01040000000000   0.65729000000000   0.01040000000000   0.00000000000000   0.00000000000000   0.00000000000000
 -0.65729000000000  -0.01040000000000  -0.01040000000000   0.00000000000000   0.00000000000000   0.00000000000000
 -0.01040000000000  -0.01040000000000  -0.65729000000000   0.00000000000000   0.00000000000000   0.00000000000000
 -0.01040000000000  -0.65729000000000  -0.01040000000000   0.00000000000000   0.00000000000000   0.00000000000000
  0.22060000000000   0.22060000000000   0.63230000000000   0.00000000000000   0.00000000000000   0.00000000000000
  0.63230000000000   0.22060000000000   0.22060000000000   0.00000000000000   0.00000000000000   0.00000000000000
  0.22060000000000   0.63230000000000   0.22060000000000   0.00000000000000   0.00000000000000   0.00000000000000
 -0.63230000000000  -0.22060000000000  -0.22060000000000   0.00000000000000   0.00000000000000   0.00000000000000
 -0.22060000000000  -0.22060000000000  -0.63230000000000   0.00000000000000   0.00000000000000   0.00000000000000
 -0.22060000000000  -0.63230000000000  -0.22060000000000   0.00000000000000   0.00000000000000   0.00000000000000

ngridk
  3  3  3

vkloff
  0.5  0.5  0.5

plot1d
   5   100      : nvp1d, npp1d
  0.0       0.5      -0.5
  0.0       0.371474 -0.371474
  0.0       0.0       0.0
  0.185737  0.185737 -0.371474
  0.0       0.371474 -0.371474
